Fecha;Usos bicis abono anual ;Usos bicis abono ocasional ;Usos bicis total
23/06/2014;17;79;96
24/06/2014;24;48;72
25/06/2014;105;14;119
26/06/2014;120;15;135
27/06/2014;131;18;149
28/06/2014;101;18;119
29/06/2014;107;33;140
30/06/2014;121;16;137
01/07/2014;124;6;130
02/07/2014;128;2;130
03/07/2014;85;7;92
04/07/2014;121;4;125
05/07/2014;783;3;786
06/07/2014;1230;5;1235
07/07/2014;1324;3;1327
08/07/2014;1774;6;1780
09/07/2014;1874;8;1882
10/07/2014;2266;7;2273
11/07/2014;2212;2;2214
12/07/2014;1949;4;1953
13/07/2014;1792;2;1794
14/07/2014;2311;3;2314
15/07/2014;2537;2;2539
16/07/2014;2673;7;2680
17/07/2014;2651;8;2659
18/07/2014;2547;5;2552
19/07/2014;2359;2;2361
20/07/2014;2371;2;2373
21/07/2014;2676;3;2679
22/07/2014;2935;4;2939
23/07/2014;2927;5;2932
24/07/2014;3204;9;3213
25/07/2014;3084;2;3086
26/07/2014;2467;0;2467
27/07/2014;2321;0;2321
28/07/2014;2894;4;2898
29/07/2014;3168;3;3171
30/07/2014;3236;5;3241
31/07/2014;3365;5;3370
01/08/2014;3048;6;3054
02/08/2014;2533;1;2534
03/08/2014;2624;0;2624
04/08/2014;2813;4;2817
05/08/2014;2830;6;2836
06/08/2014;3054;6;3060
07/08/2014;2967;5;2972
08/08/2014;2907;9;2916
09/08/2014;2582;0;2582
10/08/2014;2687;1;2688
11/08/2014;2900;2;2902
12/08/2014;3008;3;3011
13/08/2014;3102;9;3111
14/08/2014;2791;3;2794
15/08/2014;2392;0;2392
16/08/2014;2254;0;2254
17/08/2014;2444;3;2447
18/08/2014;2945;5;2950
19/08/2014;3155;5;3160
20/08/2014;3358;0;3358
21/08/2014;3678;4;3682
22/08/2014;3419;0;3419
23/08/2014;3158;0;3158
24/08/2014;3421;1;3422
25/08/2014;3556;3;3559
26/08/2014;3992;1;3993
27/08/2014;4008;2;4010
28/08/2014;4125;6;4131
29/08/2014;4255;5;4260
30/08/2014;4002;1;4003
31/08/2014;4323;0;4323
01/09/2014;4292;7;4299
02/09/2014;4608;8;4616
03/09/2014;5163;8;5171
04/09/2014;5334;5;5339
05/09/2014;4957;1;4958
06/09/2014;4791;1;4792
07/09/2014;4724;1;4725
08/09/2014;4917;3;4920
09/09/2014;5209;6;5215
10/09/2014;5297;0;5297
11/09/2014;5246;7;5253
12/09/2014;5339;1;5340
13/09/2014;4827;0;4827
14/09/2014;4978;1;4979
15/09/2014;5022;7;5029
16/09/2014;5021;2;5023
17/09/2014;4739;1;4740
18/09/2014;4319;1;4320
19/09/2014;4858;1;4859
20/09/2014;5028;2;5030
21/09/2014;4955;0;4955
22/09/2014;4750;5;4755
23/09/2014;5403;2;5405
24/09/2014;4867;1;4868
25/09/2014;5904;2;5906
26/09/2014;5595;3;5598
27/09/2014;5083;0;5083
28/09/2014;4008;1;4009
29/09/2014;4976;6;4982
30/09/2014;5616;4;5620
01/10/2014;5894;5;5899
02/10/2014;6050;0;6050
03/10/2014;6325;8;6333
04/10/2014;6017;0;6017
05/10/2014;5720;0;5720
06/10/2014;5427;4;5431
07/10/2014;5751;2;5753
08/10/2014;6037;10;6047
09/10/2014;3697;3;3700
10/10/2014;4669;6;4675
11/10/2014;4292;0;4292
12/10/2014;4625;3;4628
13/10/2014;4443;3;4446
14/10/2014;4009;0;4009
15/10/2014;5513;3;5516
16/10/2014;5946;2;5948
17/10/2014;6839;1;6840
18/10/2014;6265;1;6266
19/10/2014;5941;1;5942
20/10/2014;5732;4;5736
21/10/2014;6145;0;6145
22/10/2014;6309;0;6309
23/10/2014;6321;1;6322
24/10/2014;6575;4;6579
25/10/2014;6209;1;6210
26/10/2014;6004;1;6005
27/10/2014;5635;2;5637
28/10/2014;5873;4;5877
29/10/2014;5967;0;5967
30/10/2014;6099;0;6099
31/10/2014;6021;2;6023
01/11/2014;5219;0;5219
02/11/2014;4170;0;4170
03/11/2014;3509;3;3512
04/11/2014;4361;2;4363
05/11/2014;4998;2;5000
06/11/2014;5057;1;5058
07/11/2014;4471;2;4473
08/11/2014;3629;1;3630
09/11/2014;3453;1;3454
10/11/2014;3156;0;3156
11/11/2014;2578;4;2582
12/11/2014;4628;8;4636
13/11/2014;4003;3;4006
14/11/2014;3485;0;3485
15/11/2014;3737;0;3737
16/11/2014;3786;0;3786
17/11/2014;3971;5;3976
18/11/2014;4086;1;4087
19/11/2014;4578;2;4580
20/11/2014;4878;2;4880
21/11/2014;5042;2;5044
22/11/2014;4567;4;4571
23/11/2014;3629;2;3631
24/11/2014;4131;4;4135
25/11/2014;3753;0;3753
26/11/2014;4476;5;4481
27/11/2014;3261;0;3261
28/11/2014;2133;0;2133
29/11/2014;3137;30;3167
30/11/2014;3703;57;3760
01/12/2014;4225;11;4236
02/12/2014;4573;7;4580
03/12/2014;4350;4;4354
04/12/2014;4546;9;4555
05/12/2014;4533;21;4554
06/12/2014;3114;45;3159
07/12/2014;2986;85;3071
08/12/2014;3045;59;3104
09/12/2014;3673;25;3698
10/12/2014;4189;14;4203
11/12/2014;4490;32;4522
12/12/2014;4761;35;4796
13/12/2014;2676;23;2699
14/12/2014;1740;2;1742
15/12/2014;3960;19;3979
16/12/2014;4378;31;4409
17/12/2014;4547;27;4574
18/12/2014;4828;25;4853
19/12/2014;5126;47;5173
20/12/2014;4454;99;4553
21/12/2014;4027;174;4201
22/12/2014;3962;76;4038
23/12/2014;3960;65;4025
24/12/2014;2765;62;2827
25/12/2014;2073;145;2218
26/12/2014;3171;138;3309
27/12/2014;3079;157;3236
28/12/2014;2471;107;2578
29/12/2014;3060;87;3147
30/12/2014;3262;94;3356
31/12/2014;2609;133;2742
01/01/2015;2018;149;2167
02/01/2015;2880;153;3033
03/01/2015;3187;170;3357
04/01/2015;3296;154;3450
05/01/2015;4039;117;4156
06/01/2015;2651;115;2766
07/01/2015;3821;58;3879
08/01/2015;4333;60;4393
09/01/2015;4832;86;4918
10/01/2015;4494;94;4588
11/01/2015;4209;141;4350
12/01/2015;4241;44;4285
13/01/2015;4365;34;4399
14/01/2015;4319;23;4342
15/01/2015;3637;26;3663
16/01/2015;4236;18;4254
17/01/2015;3930;111;4041
18/01/2015;2323;49;2372
19/01/2015;3309;22;3331
20/01/2015;3698;12;3710
21/01/2015;3473;27;3500
22/01/2015;4202;20;4222
23/01/2015;4601;26;4627
24/01/2015;4473;107;4580
25/01/2015;4085;150;4235
26/01/2015;4172;59;4231
27/01/2015;4451;28;4479
28/01/2015;4911;38;4949
29/01/2015;4745;21;4766
30/01/2015;3938;33;3971
31/01/2015;3831;60;3891
01/02/2015;3487;125;3612
02/02/2015;2786;14;2800
03/02/2015;3182;51;3233
04/02/2015;3805;25;3830
05/02/2015;3943;16;3959
06/02/2015;4249;27;4276
07/02/2015;3452;45;3497
08/02/2015;3660;98;3758
09/02/2015;4023;30;4053
10/02/2015;4402;11;4413
11/02/2015;4411;25;4436
12/02/2015;4946;39;4985
13/02/2015;5015;67;5082
14/02/2015;4139;153;4292
15/02/2015;3800;189;3989
16/02/2015;4502;98;4600
17/02/2015;4564;67;4631
18/02/2015;4770;42;4812
19/02/2015;5034;44;5078
20/02/2015;4988;64;5052
21/02/2015;4259;176;4435
22/02/2015;4537;233;4770
23/02/2015;4514;77;4591
24/02/2015;4608;31;4639
25/02/2015;5067;47;5114
26/02/2015;5446;65;5511
27/02/2015;5908;115;6023
28/02/2015;5491;273;5764
01/03/2015;5548;305;5853
02/03/2015;5017;92;5109
03/03/2015;5289;70;5359
04/03/2015;5353;51;5404
05/03/2015;5513;27;5540
06/03/2015;6177;71;6248
07/03/2015;6461;326;6787
08/03/2015;6235;482;6717
09/03/2015;5635;85;5720
10/03/2015;6264;111;6375
11/03/2015;6516;111;6627
12/03/2015;6570;123;6693
13/03/2015;6749;139;6888
14/03/2015;5793;267;6060
15/03/2015;4521;173;4694
16/03/2015;5037;46;5083
17/03/2015;5413;65;5478
18/03/2015;3305;20;3325
19/03/2015;3953;59;4012
20/03/2015;3911;58;3969
21/03/2015;3128;84;3212
22/03/2015;3619;118;3737
23/03/2015;1853;16;1869
24/03/2015;5191;33;5224
25/03/2015;5312;51;5363
26/03/2015;6068;96;6164
27/03/2015;7219;208;7427
28/03/2015;6947;563;7510
29/03/2015;6352;472;6824
30/03/2015;6078;234;6312
31/03/2015;6252;199;6451
01/04/2015;5620;222;5842
02/04/2015;4263;445;4708
03/04/2015;4098;620;4718
04/04/2015;4535;624;5159
05/04/2015;5365;696;6061
06/04/2015;6218;316;6534
07/04/2015;6651;144;6795
08/04/2015;6225;130;6355
09/04/2015;4384;39;4423
10/04/2015;7065;105;7170
11/04/2015;7365;313;7678
12/04/2015;7046;395;7441
13/04/2015;6609;131;6740
14/04/2015;7442;124;7566
15/04/2015;6341;60;6401
16/04/2015;6885;59;6944
17/04/2015;8056;129;8185
18/04/2015;7429;333;7762
19/04/2015;6794;542;7336
20/04/2015;6822;177;6999
21/04/2015;7298;132;7430
22/04/2015;7899;138;8037
23/04/2015;8572;159;8731
24/04/2015;8637;244;8881
25/04/2015;7266;448;7714
26/04/2015;3364;104;3468
27/04/2015;6192;78;6270
28/04/2015;7553;103;7656
29/04/2015;8312;130;8442
30/04/2015;8369;178;8547
01/05/2015;6917;587;7504
02/05/2015;6746;732;7478
03/05/2015;6137;529;6666
04/05/2015;7055;187;7242
05/05/2015;7811;112;7923
06/05/2015;8405;149;8554
07/05/2015;8910;130;9040
08/05/2015;9495;230;9725
09/05/2015;9138;558;9696
10/05/2015;8998;652;9650
11/05/2015;8151;169;8320
12/05/2015;8899;144;9043
13/05/2015;9145;138;9283
14/05/2015;9372;213;9585
15/05/2015;7711;483;8194
16/05/2015;7979;633;8612
17/05/2015;7696;644;8340
18/05/2015;8541;240;8781
19/05/2015;8514;153;8667
20/05/2015;8772;128;8900
21/05/2015;8820;215;9035
22/05/2015;8934;179;9113
23/05/2015;8489;468;8957
24/05/2015;8739;530;9269
25/05/2015;8409;295;8704
26/05/2015;9193;180;9373
27/05/2015;9484;200;9684
28/05/2015;9765;191;9956
29/05/2015;9860;201;10061
30/05/2015;8923;445;9368
31/05/2015;9047;424;9471
01/06/2015;8862;213;9075
02/06/2015;9786;170;9956
03/06/2015;10329;154;10483
04/06/2015;9410;360;9770
05/06/2015;9287;201;9488
06/06/2015;8501;446;8947
07/06/2015;8580;484;9064
08/06/2015;9342;258;9600
09/06/2015;9573;157;9730
10/06/2015;8880;82;8962
11/06/2015;8759;149;8908
12/06/2015;10641;175;10816
13/06/2015;9953;355;10308
14/06/2015;8514;388;8902
15/06/2015;7744;111;7855
16/06/2015;10044;179;10223
17/06/2015;10602;120;10722
18/06/2015;11349;163;11512
19/06/2015;11744;239;11983
20/06/2015;10192;499;10691
21/06/2015;9353;403;9756
22/06/2015;9903;183;10086
23/06/2015;9334;148;9482
24/06/2015;11459;179;11638
25/06/2015;12147;182;12329
26/06/2015;11479;197;11676
27/06/2015;9229;302;9531
28/06/2015;8935;369;9304
29/06/2015;9721;141;9862
30/06/2015;10530;180;10710
01/07/2015;11245;177;11422
02/07/2015;11512;174;11686
03/07/2015;11083;192;11275
04/07/2015;9401;328;9729
05/07/2015;7738;304;8042
06/07/2015;8826;176;9002
07/07/2015;9812;168;9980
08/07/2015;10855;187;11042
09/07/2015;12130;249;12379
10/07/2015;11325;205;11530
11/07/2015;9101;332;9433
12/07/2015;8299;363;8662
13/07/2015;10507;259;10766
14/07/2015;10979;169;11148
15/07/2015;11589;134;11723
16/07/2015;11593;157;11750
17/07/2015;10981;212;11193
18/07/2015;9142;355;9497
19/07/2015;8316;427;8743
20/07/2015;10049;268;10317
21/07/2015;10447;192;10639
22/07/2015;10544;151;10695
23/07/2015;11251;179;11430
24/07/2015;10465;218;10683
25/07/2015;8618;393;9011
26/07/2015;7977;316;8293
27/07/2015;9443;159;9602
28/07/2015;10363;189;10552
29/07/2015;10827;159;10986
30/07/2015;10578;155;10733
31/07/2015;9814;189;10003
01/08/2015;8081;282;8363
02/08/2015;7509;359;7868
03/08/2015;8437;177;8614
04/08/2015;8906;203;9109
05/08/2015;9327;179;9506
06/08/2015;9575;271;9846
07/08/2015;8671;175;8846
08/08/2015;7554;374;7928
09/08/2015;6969;374;7343
10/08/2015;7986;189;8175
11/08/2015;8750;191;8941
12/08/2015;9132;251;9383
13/08/2015;8974;236;9210
14/08/2015;8165;231;8396
15/08/2015;7000;297;7297
16/08/2015;6770;336;7106
17/08/2015;8362;200;8562
18/08/2015;8796;269;9065
19/08/2015;8910;227;9137
20/08/2015;9408;294;9702
21/08/2015;8737;306;9043
22/08/2015;7668;475;8143
23/08/2015;7911;469;8380
24/08/2015;8635;223;8858
25/08/2015;9397;212;9609
26/08/2015;10135;197;10332
27/08/2015;10421;189;10610
28/08/2015;10309;245;10554
29/08/2015;9433;400;9833
30/08/2015;8022;312;8334
31/08/2015;9601;142;9743
01/09/2015;11238;162;11400
02/09/2015;11942;158;12100
03/09/2015;12919;171;13090
04/09/2015;12253;177;12430
05/09/2015;10598;454;11052
06/09/2015;10629;561;11190
07/09/2015;10586;226;10812
08/09/2015;12325;194;12519
09/09/2015;12863;184;13047
10/09/2015;13747;164;13911
11/09/2015;13558;254;13812
12/09/2015;11419;513;11932
13/09/2015;10394;549;10943
14/09/2015;11076;206;11282
15/09/2015;10079;106;10185
16/09/2015;7669;64;7733
17/09/2015;11883;127;12010
18/09/2015;13478;199;13677
19/09/2015;12287;328;12615
20/09/2015;11685;745;12430
21/09/2015;12068;230;12298
22/09/2015;13662;130;13792
23/09/2015;13555;198;13753
24/09/2015;14077;183;14260
25/09/2015;14976;332;15308
26/09/2015;13485;594;14079
27/09/2015;12377;723;13100
28/09/2015;11880;239;12119
29/09/2015;12505;130;12635
30/09/2015;13490;137;13627
01/10/2015;13882;198;14080
02/10/2015;15009;250;15259
03/10/2015;13645;538;14183
04/10/2015;11192;595;11787
05/10/2015;9810;165;9975
06/10/2015;12174;144;12318
07/10/2015;12292;143;12435
08/10/2015;13045;150;13195
09/10/2015;13525;241;13766
10/10/2015;11026;576;11602
11/10/2015;9000;469;9469
12/10/2015;10093;533;10626
13/10/2015;8567;104;8671
14/10/2015;11475;163;11638
15/10/2015;12349;142;12491
16/10/2015;13346;185;13531
17/10/2015;9709;321;10030
18/10/2015;6005;232;6237
19/10/2015;8612;175;8787
20/10/2015;11120;190;11310
21/10/2015;11229;165;11394
22/10/2015;11845;171;12016
23/10/2015;12461;226;12687
24/10/2015;12004;484;12488
25/10/2015;11347;495;11842
26/10/2015;8135;102;8237
27/10/2015;8764;87;8851
28/10/2015;9598;77;9675
29/10/2015;11033;128;11161
30/10/2015;12678;219;12897
31/10/2015;11295;395;11690
01/11/2015;9313;471;9784
02/11/2015;4764;69;4833
03/11/2015;8017;98;8115
04/11/2015;8993;72;9065
05/11/2015;10403;80;10483
06/11/2015;11091;161;11252
07/11/2015;10243;577;10820
08/11/2015;9359;433;9792
09/11/2015;8494;492;8986
10/11/2015;10056;172;10228
11/11/2015;10706;137;10843
12/11/2015;11054;137;11191
13/11/2015;12787;260;13047
14/11/2015;11376;393;11769
15/11/2015;10213;459;10672
16/11/2015;9545;110;9655
17/11/2015;10372;64;10436
18/11/2015;10986;73;11059
19/11/2015;11280;71;11351
20/11/2015;12149;168;12317
21/11/2015;9836;311;10147
22/11/2015;7103;206;7309
23/11/2015;7836;62;7898
24/11/2015;8593;69;8662
25/11/2015;9730;63;9793
26/11/2015;10408;97;10505
27/11/2015;11242;131;11373
28/11/2015;10296;379;10675
29/11/2015;8557;304;8861
30/11/2015;8398;70;8468
01/12/2015;9038;58;9096
02/12/2015;9340;64;9404
03/12/2015;10303;44;10347
04/12/2015;10806;105;10911
05/12/2015;9330;429;9759
06/12/2015;8348;503;8851
07/12/2015;7860;250;8110
08/12/2015;7519;345;7864
09/12/2015;9109;82;9191
10/12/2015;9840;50;9890
11/12/2015;11144;127;11271
12/12/2015;9687;218;9905
13/12/2015;8505;200;8705
14/12/2015;7827;77;7904
15/12/2015;9476;82;9558
16/12/2015;9902;67;9969
17/12/2015;10377;142;10519
18/12/2015;10936;109;11045
19/12/2015;10060;280;10340
20/12/2015;8358;177;8535
21/12/2015;8670;152;8822
22/12/2015;9345;187;9532
23/12/2015;8595;190;8785
24/12/2015;4942;128;5070
25/12/2015;3229;317;3546
26/12/2015;4831;305;5136
27/12/2015;5268;319;5587
28/12/2015;4701;168;4869
29/12/2015;6205;193;6398
30/12/2015;6758;219;6977
31/12/2015;4696;255;4951
01/01/2016;3369;289;3658
02/01/2016;4739;298;5037
03/01/2016;3919;153;4072
04/01/2016;4219;95;4314
05/01/2016;6712;144;6856
06/01/2016;3574;79;3653
07/01/2016;6643;84;6727
08/01/2016;6621;89;6710
09/01/2016;6132;126;6258
10/01/2016;3233;40;3273
11/01/2016;5910;40;5950
12/01/2016;7710;52;7762
13/01/2016;8069;58;8127
14/01/2016;5378;23;5401
15/01/2016;8043;41;8084
16/01/2016;7218;224;7442
17/01/2016;5755;161;5916
18/01/2016;7002;51;7053
19/01/2016;7669;44;7713
20/01/2016;7881;47;7928
21/01/2016;7960;42;8002
22/01/2016;7674;54;7728
23/01/2016;8214;327;8541
24/01/2016;8189;401;8590
25/01/2016;8115;100;8215
26/01/2016;8852;103;8955
27/01/2016;8284;65;8349
28/01/2016;6189;31;6220
29/01/2016;7609;52;7661
30/01/2016;7832;233;8065
31/01/2016;7424;402;7826
01/02/2016;8451;139;8590
02/02/2016;8741;115;8856
03/02/2016;9214;68;9282
04/02/2016;8992;53;9045
05/02/2016;9145;95;9240
06/02/2016;6781;202;6983
07/02/2016;5337;209;5546
08/02/2016;7387;73;7460
09/02/2016;7429;63;7492
10/02/2016;8634;38;8672
11/02/2016;7491;24;7515
12/02/2016;5129;30;5159
13/02/2016;5180;133;5313
14/02/2016;4131;88;4219
15/02/2016;6740;49;6789
16/02/2016;7308;46;7354
17/02/2016;7468;39;7507
18/02/2016;6715;24;6739
19/02/2016;8267;120;8387
20/02/2016;7314;325;7639
21/02/2016;6678;298;6976
22/02/2016;7883;98;7981
23/02/2016;8821;108;8929
24/02/2016;6959;34;6993
25/02/2016;8496;89;8585
26/02/2016;4576;22;4598
27/02/2016;5636;147;5783
28/02/2016;5276;122;5398
29/02/2016;7716;132;7848
01/03/2016;8496;103;8599
02/03/2016;9229;86;9315
03/03/2016;9352;80;9432
04/03/2016;8423;130;8553
05/03/2016;6171;148;6319
06/03/2016;5793;272;6065
07/03/2016;6226;80;6306
08/03/2016;8027;69;8096
09/03/2016;8058;65;8123
10/03/2016;8448;66;8514
11/03/2016;8943;121;9064
12/03/2016;7466;370;7836
13/03/2016;6989;387;7376
14/03/2016;7819;98;7917
15/03/2016;8757;63;8820
16/03/2016;9367;81;9448
17/03/2016;9640;124;9764
18/03/2016;7918;135;8053
19/03/2016;4456;104;4560
20/03/2016;4704;226;4930
21/03/2016;4085;108;4193
22/03/2016;6274;106;6380
23/03/2016;6111;143;6254
24/03/2016;4115;330;4445
25/03/2016;3565;377;3942
26/03/2016;4063;437;4500
27/03/2016;4484;394;4878
28/03/2016;6427;150;6577
29/03/2016;8496;139;8635
30/03/2016;9752;184;9936
31/03/2016;8675;95;8770
01/04/2016;9409;93;9502
02/04/2016;8228;354;8582
03/04/2016;5656;190;5846
04/04/2016;2164;8;2172
05/04/2016;8928;123;9051
06/04/2016;9910;88;9998
07/04/2016;10551;132;10683
08/04/2016;9941;177;10118
09/04/2016;8593;434;9027
10/04/2016;5373;152;5525
11/04/2016;4838;60;4898
12/04/2016;4193;40;4233
13/04/2016;8921;90;9011
14/04/2016;9814;102;9916
15/04/2016;9310;188;9498
16/04/2016;4033;61;4094
17/04/2016;7784;487;8271
18/04/2016;9486;247;9733
19/04/2016;5465;43;5508
20/04/2016;5336;30;5366
21/04/2016;9379;144;9523
22/04/2016;9275;169;9444
23/04/2016;7196;292;7488
24/04/2016;8467;553;9020
25/04/2016;9371;157;9528
26/04/2016;10348;104;10452
27/04/2016;10338;128;10466
28/04/2016;9873;142;10015
29/04/2016;9532;221;9753
30/04/2016;6957;511;7468
01/05/2016;5878;536;6414
02/05/2016;6703;525;7228
03/05/2016;10253;200;10453
04/05/2016;11535;185;11720
05/05/2016;9852;190;10042
06/05/2016;7185;107;7292
07/05/2016;6695;305;7000
08/05/2016;3054;48;3102
09/05/2016;5317;34;5351
10/05/2016;5697;40;5737
11/05/2016;7080;44;7124
12/05/2016;8743;57;8800
13/05/2016;8197;80;8277
14/05/2016;7334;382;7716
15/05/2016;7474;523;7997
16/05/2016;8096;547;8643
17/05/2016;10527;267;10794
18/05/2016;11489;174;11663
19/05/2016;11790;136;11926
20/05/2016;12225;266;12491
21/05/2016;10361;565;10926
22/05/2016;8902;538;9440
23/05/2016;10154;244;10398
24/05/2016;10947;143;11090
25/05/2016;10956;169;11125
26/05/2016;11927;226;12153
27/05/2016;12026;285;12311
28/05/2016;7365;288;7653
29/05/2016;7612;407;8019
30/05/2016;10238;228;10466
31/05/2016;11024;166;11190
01/06/2016;11860;168;12028
02/06/2016;12091;179;12270
03/06/2016;11862;235;12097
04/06/2016;9605;454;10059
05/06/2016;9158;570;9728
06/06/2016;11216;248;11464
07/06/2016;12214;204;12418
08/06/2016;12863;201;13064
09/06/2016;12630;228;12858
10/06/2016;12882;299;13181
11/06/2016;9684;439;10123
12/06/2016;8959;401;9360
13/06/2016;11566;149;11715
14/06/2016;12381;136;12517
15/06/2016;11285;113;11398
16/06/2016;10832;81;10913
17/06/2016;11401;130;11531
18/06/2016;8934;350;9284
19/06/2016;8285;305;8590
20/06/2016;11266;112;11378
21/06/2016;12178;134;12312
22/06/2016;12653;152;12805
23/06/2016;12639;170;12809
24/06/2016;12167;235;12402
25/06/2016;8780;408;9188
26/06/2016;8510;337;8847
27/06/2016;11352;199;11551
28/06/2016;12087;138;12225
29/06/2016;12558;155;12713
30/06/2016;12961;147;13108
01/07/2016;11751;155;11906
02/07/2016;8519;298;8817
03/07/2016;7946;360;8306
04/07/2016;10524;255;10779
05/07/2016;12205;152;12357
06/07/2016;11981;160;12141
07/07/2016;11717;167;11884
08/07/2016;11306;183;11489
09/07/2016;8220;328;8548
10/07/2016;7306;340;7646
11/07/2016;11081;137;11218
12/07/2016;12213;153;12366
13/07/2016;12648;180;12828
14/07/2016;12046;196;12242
15/07/2016;11028;188;11216
16/07/2016;7663;357;8020
17/07/2016;7107;267;7374
18/07/2016;10286;175;10461
19/07/2016;11385;168;11553
20/07/2016;11436;199;11635
21/07/2016;11715;143;11858
22/07/2016;10152;212;10364
23/07/2016;6206;302;6508
24/07/2016;5615;302;5917
25/07/2016;6071;216;6287
26/07/2016;10209;143;10352
27/07/2016;10951;145;11096
28/07/2016;11138;151;11289
29/07/2016;10110;175;10285
30/07/2016;7009;195;7204
31/07/2016;6726;296;7022
01/08/2016;8628;187;8815
02/08/2016;8900;185;9085
03/08/2016;9396;204;9600
04/08/2016;9293;176;9469
05/08/2016;8371;191;8562
06/08/2016;5758;258;6016
07/08/2016;5413;263;5676
08/08/2016;7363;205;7568
09/08/2016;7729;168;7897
10/08/2016;7980;176;8156
11/08/2016;7932;242;8174
12/08/2016;6982;274;7256
13/08/2016;5006;313;5319
14/08/2016;4671;447;5118
15/08/2016;4916;352;5268
16/08/2016;7307;249;7556
17/08/2016;7701;222;7923
18/08/2016;7991;248;8239
19/08/2016;7511;232;7743
20/08/2016;5738;317;6055
21/08/2016;5577;347;5924
22/08/2016;8095;176;8271
23/08/2016;8495;208;8703
24/08/2016;9040;189;9229
25/08/2016;9013;266;9279
26/08/2016;8348;201;8549
27/08/2016;6998;335;7333
28/08/2016;6451;325;6776
29/08/2016;9176;143;9319
30/08/2016;10113;102;10215
31/08/2016;10646;143;10789
01/09/2016;10919;103;11022
02/09/2016;10929;133;11062
03/09/2016;8301;301;8602
04/09/2016;7925;328;8253
05/09/2016;10470;123;10593
06/09/2016;10927;115;11042
07/09/2016;11193;80;11273
08/09/2016;11283;125;11408
09/09/2016;10819;143;10962
10/09/2016;7990;322;8312
11/09/2016;7576;255;7831
12/09/2016;9565;138;9703
13/09/2016;8067;70;8137
14/09/2016;9261;121;9382
15/09/2016;9846;115;9961
16/09/2016;9495;151;9646
17/09/2016;7241;225;7466
18/09/2016;6623;300;6923
19/09/2016;7953;103;8056
20/09/2016;8762;79;8841
21/09/2016;8862;67;8929
22/09/2016;9039;94;9133
23/09/2016;8378;97;8475
24/09/2016;6482;256;6738
25/09/2016;5751;251;6002
26/09/2016;6247;96;6343
27/09/2016;7728;64;7792
28/09/2016;8299;67;8366
29/09/2016;8452;80;8532
30/09/2016;8666;129;8795
01/10/2016;7097;278;7375
02/10/2016;6789;364;7153
03/10/2016;7955;92;8047
04/10/2016;8608;76;8684
05/10/2016;8796;51;8847
06/10/2016;9093;87;9180
07/10/2016;8688;154;8842
08/10/2016;6889;348;7237
09/10/2016;6079;336;6415
10/10/2016;7277;110;7387
11/10/2016;8050;82;8132
12/10/2016;2759;22;2781
13/10/2016;4491;35;4526
14/10/2016;6151;49;6200
15/10/2016;5162;144;5306
16/10/2016;4381;180;4561
17/10/2016;5113;70;5183
18/10/2016;6263;44;6307
19/10/2016;4292;17;4309
20/10/2016;3888;14;3902
21/10/2016;5610;68;5678
22/10/2016;2604;43;2647
23/10/2016;1917;36;1953
24/10/2016;3811;32;3843
25/10/2016;5060;36;5096
26/10/2016;5920;60;5980
27/10/2016;5986;73;6059
28/10/2016;5541;62;5603
29/10/2016;4389;186;4575
30/10/2016;3617;255;3872
31/10/2016;4701;117;4818
01/11/2016;4235;168;4403
02/11/2016;5645;46;5691
03/11/2016;6153;58;6211
04/11/2016;2947;18;2965
05/11/2016;2166;19;2185
06/11/2016;3682;122;3804
07/11/2016;4564;56;4620
08/11/2016;5525;45;5570
09/11/2016;4031;61;4092
10/11/2016;5555;50;5605
11/11/2016;5773;67;5840
12/11/2016;4465;121;4586
13/11/2016;4276;144;4420
14/11/2016;5138;35;5173
15/11/2016;5148;57;5205
16/11/2016;5450;40;5490
17/11/2016;5774;39;5813
18/11/2016;5858;67;5925
19/11/2016;4556;183;4739
20/11/2016;1502;22;1524
21/11/2016;4146;25;4171
22/11/2016;4850;12;4862
23/11/2016;4312;12;4324
24/11/2016;5213;26;5239
25/11/2016;2759;8;2767
26/11/2016;1782;9;1791
27/11/2016;1802;18;1820
28/11/2016;5310;62;5372
29/11/2016;5299;27;5326
30/11/2016;5987;39;6026
01/12/2016;6249;23;6272
02/12/2016;6511;45;6556
03/12/2016;4623;173;4796
04/12/2016;1937;26;1963
05/12/2016;5256;67;5323
06/12/2016;4903;191;5094
07/12/2016;5971;61;6032
08/12/2016;4449;117;4566
09/12/2016;5341;82;5423
10/12/2016;4806;206;5012
11/12/2016;4386;134;4520
12/12/2016;5650;30;5680
13/12/2016;5799;25;5824
14/12/2016;5191;15;5206
15/12/2016;4259;15;4274
16/12/2016;4169;14;4183
17/12/2016;5660;117;5777
18/12/2016;4624;111;4735
19/12/2016;5723;54;5777
20/12/2016;6158;50;6208
21/12/2016;6711;67;6778
22/12/2016;6676;46;6722
23/12/2016;5949;102;6051
24/12/2016;3265;87;3352
25/12/2016;1911;116;2027
26/12/2016;2996;131;3127
27/12/2016;4799;160;4959
28/12/2016;5185;247;5432
29/12/2016;5561;211;5772
30/12/2016;4972;208;5180
31/12/2016;2696;103;2799
01/01/2017;1767;133;1900
02/01/2017;3297;116;3413
03/01/2017;4507;156;4663
04/01/2017;5214;162;5376
05/01/2017;5077;118;5195
06/01/2017;2934;161;3095
07/01/2017;4030;111;4141
08/01/2017;3760;97;3857
09/01/2017;5686;76;5762
10/01/2017;6221;55;6276
11/01/2017;6974;54;7028
12/01/2017;6788;77;6865
13/01/2017;6743;105;6848
14/01/2017;5080;149;5229
15/01/2017;4234;139;4373
16/01/2017;6036;54;6090
17/01/2017;5961;34;5995
18/01/2017;5328;47;5375
19/01/2017;5084;55;5139
20/01/2017;5243;55;5298
21/01/2017;4548;119;4667
22/01/2017;4003;96;4099
23/01/2017;5768;35;5803
24/01/2017;6515;25;6540
25/01/2017;6435;37;6472
26/01/2017;6187;17;6204
27/01/2017;4038;10;4048
28/01/2017;4479;141;4620
29/01/2017;2874;52;2926
30/01/2017;5438;67;5505
31/01/2017;6756;45;6801
01/02/2017;6245;53;6298
02/02/2017;5170;39;5209
03/02/2017;5573;49;5622
04/02/2017;4093;74;4167
05/02/2017;3967;97;4064
06/02/2017;6602;49;6651
07/02/2017;6097;20;6117
08/02/2017;7163;19;7182
09/02/2017;7020;42;7062
10/02/2017;4641;18;4659
11/02/2017;2477;27;2504
12/02/2017;1929;14;1943
13/02/2017;5536;36;5572
14/02/2017;6990;82;7072
15/02/2017;7583;93;7676
16/02/2017;7515;107;7622
17/02/2017;7240;141;7381
18/02/2017;5624;222;5846
19/02/2017;5006;326;5332
20/02/2017;7069;105;7174
21/02/2017;7568;120;7688
22/02/2017;8019;97;8116
23/02/2017;7093;99;7192
24/02/2017;8240;144;8384
25/02/2017;6264;397;6661
26/02/2017;5421;328;5749
27/02/2017;7052;174;7226
28/02/2017;7552;100;7652
01/03/2017;8361;81;8442
02/03/2017;8320;114;8434
03/03/2017;5411;47;5458
04/03/2017;5072;159;5231
05/03/2017;4633;164;4797
06/03/2017;7913;48;7961
07/03/2017;8776;79;8855
08/03/2017;9521;101;9622
09/03/2017;9760;107;9867
10/03/2017;9826;206;10032
11/03/2017;7473;437;7910
12/03/2017;6152;376;6528
13/03/2017;7128;95;7223
14/03/2017;8414;83;8497
15/03/2017;9387;124;9511
16/03/2017;9654;128;9782
17/03/2017;8362;147;8509
18/03/2017;5929;444;6373
19/03/2017;5390;491;5881
20/03/2017;5861;419;6280
21/03/2017;8200;116;8316
22/03/2017;6181;30;6211
23/03/2017;5235;29;5264
24/03/2017;5633;57;5690
25/03/2017;4698;148;4846
26/03/2017;4646;166;4812
27/03/2017;6577;104;6681
28/03/2017;8513;92;8605
29/03/2017;9173;112;9285
30/03/2017;9459;136;9595
31/03/2017;9382;141;9523
01/04/2017;6999;379;7378
02/04/2017;6737;336;7073
03/04/2017;8290;160;8450
04/04/2017;9173;128;9301
05/04/2017;8953;112;9065
06/04/2017;9001;110;9111
07/04/2017;8972;154;9126
08/04/2017;6919;364;7283
09/04/2017;6272;452;6724
10/04/2017;7576;277;7853
11/04/2017;7694;289;7983
12/04/2017;6985;298;7283
13/04/2017;4233;368;4601
14/04/2017;4056;427;4483
15/04/2017;4300;602;4902
16/04/2017;4757;564;5321
17/04/2017;8567;382;8949
18/04/2017;9908;213;10121
19/04/2017;9269;161;9430
20/04/2017;8928;155;9083
21/04/2017;9973;206;10179
22/04/2017;7539;415;7954
23/04/2017;8660;583;9243
24/04/2017;9476;274;9750
25/04/2017;9410;123;9533
26/04/2017;9664;91;9755
27/04/2017;8761;61;8822
28/04/2017;8217;124;8341
29/04/2017;3229;115;3344
30/04/2017;3278;144;3422
01/05/2017;4831;393;5224
02/05/2017;6477;293;6770
03/05/2017;9878;132;10010
04/05/2017;10442;91;10533
05/05/2017;9076;103;9179
06/05/2017;7831;389;8220
07/05/2017;8158;423;8581
08/05/2017;10266;185;10451
09/05/2017;10925;206;11131
10/05/2017;10571;124;10695
11/05/2017;7074;54;7128
12/05/2017;7119;61;7180
13/05/2017;7036;323;7359
14/05/2017;7447;509;7956
15/05/2017;7761;448;8209
16/05/2017;10710;181;10891
17/05/2017;11183;141;11324
18/05/2017;10534;159;10693
19/05/2017;11251;210;11461
20/05/2017;9100;434;9534
21/05/2017;7967;402;8369
22/05/2017;11221;210;11431
23/05/2017;11643;228;11871
24/05/2017;12265;210;12475
25/05/2017;12466;281;12747
26/05/2017;12293;300;12593
27/05/2017;10032;586;10618
28/05/2017;8820;678;9498
29/05/2017;11405;235;11640
30/05/2017;12445;178;12623
31/05/2017;12795;185;12980
01/06/2017;13450;132;13582
02/06/2017;12453;198;12651
03/06/2017;9006;377;9383
04/06/2017;9061;270;9331
05/06/2017;11299;182;11481
06/06/2017;12320;176;12496
07/06/2017;12873;190;13063
08/06/2017;13128;211;13339
09/06/2017;12915;232;13147
10/06/2017;9813;402;10215
11/06/2017;9001;407;9408
12/06/2017;11676;226;11902
13/06/2017;12425;160;12585
14/06/2017;13021;115;13136
15/06/2017;12870;126;12996
16/06/2017;12229;159;12388
17/06/2017;8785;285;9070
18/06/2017;7718;205;7923
19/06/2017;12197;140;12337
20/06/2017;12409;129;12538
21/06/2017;13700;180;13880
22/06/2017;13718;192;13910
23/06/2017;12616;178;12794
24/06/2017;8943;351;9294
25/06/2017;7153;317;7470
26/06/2017;11538;162;11700
27/06/2017;12991;183;13174
28/06/2017;13018;186;13204
29/06/2017;12721;145;12866
30/06/2017;11515;185;11700
01/07/2017;8144;266;8410
02/07/2017;7340;305;7645
03/07/2017;11905;256;12161
04/07/2017;12701;214;12915
05/07/2017;13090;265;13355
06/07/2017;6135;69;6204
07/07/2017;7721;101;7822
08/07/2017;7588;315;7903
09/07/2017;7862;468;8330
10/07/2017;11684;289;11973
11/07/2017;12355;169;12524
12/07/2017;12603;162;12765
13/07/2017;12358;188;12546
14/07/2017;11208;186;11394
15/07/2017;7354;226;7580
16/07/2017;7256;307;7563
17/07/2017;11127;193;11320
18/07/2017;11844;167;12011
19/07/2017;12203;179;12382
20/07/2017;12439;177;12616
21/07/2017;11433;193;11626
22/07/2017;7682;378;8060
23/07/2017;6796;285;7081
24/07/2017;10956;136;11092
25/07/2017;11613;204;11817
26/07/2017;12065;137;12202
27/07/2017;12414;204;12618
28/07/2017;11344;219;11563
29/07/2017;7169;281;7450
30/07/2017;6490;293;6783
31/07/2017;9759;258;10017
01/08/2017;9935;177;10112
02/08/2017;10519;190;10709
03/08/2017;10228;199;10427
04/08/2017;9207;210;9417
05/08/2017;6235;223;6458
06/08/2017;5801;297;6098
07/08/2017;8553;193;8746
08/08/2017;8844;262;9106
09/08/2017;8764;216;8980
10/08/2017;8440;197;8637
11/08/2017;7573;272;7845
12/08/2017;5341;333;5674
13/08/2017;4973;462;5435
14/08/2017;6536;316;6852
15/08/2017;5781;316;6097
16/08/2017;8001;292;8293
17/08/2017;8472;277;8749
18/08/2017;7692;222;7914
19/08/2017;5766;328;6094
20/08/2017;5657;337;5994
21/08/2017;8469;241;8710
22/08/2017;9130;187;9317
23/08/2017;9430;212;9642
24/08/2017;9699;219;9918
25/08/2017;9107;237;9344
26/08/2017;6860;373;7233
27/08/2017;6348;349;6697
28/08/2017;5877;88;5965
29/08/2017;10215;235;10450
30/08/2017;11224;161;11385
31/08/2017;12064;154;12218
01/09/2017;12042;179;12221
02/09/2017;8727;446;9173
03/09/2017;8863;449;9312
04/09/2017;12386;261;12647
05/09/2017;13437;212;13649
06/09/2017;14052;232;14284
07/09/2017;14092;257;14349
08/09/2017;13481;325;13806
09/09/2017;9634;341;9975
10/09/2017;8958;427;9385
11/09/2017;12666;213;12879
12/09/2017;13674;166;13840
13/09/2017;14269;224;14493
14/09/2017;14288;196;14484
15/09/2017;13109;200;13309
16/09/2017;9434;386;9820
17/09/2017;9218;419;9637
18/09/2017;12353;156;12509
19/09/2017;13438;153;13591
20/09/2017;14130;198;14328
21/09/2017;14023;170;14193
22/09/2017;13325;305;13630
23/09/2017;10329;495;10824
24/09/2017;9904;499;10403
25/09/2017;12789;181;12970
26/09/2017;13612;209;13821
27/09/2017;13872;186;14058
28/09/2017;14228;212;14440
29/09/2017;14455;258;14713
30/09/2017;11151;474;11625
01/10/2017;10292;590;10882
02/10/2017;13104;204;13308
03/10/2017;14254;241;14495
04/10/2017;14474;156;14630
05/10/2017;15044;263;15307
06/10/2017;14563;239;14802
07/10/2017;11344;416;11760
08/10/2017;10601;497;11098
09/10/2017;13186;251;13437
10/10/2017;13659;140;13799
11/10/2017;14067;158;14225
12/10/2017;10099;396;10495
13/10/2017;11312;365;11677
14/10/2017;9223;587;9810
15/10/2017;9250;481;9731
16/10/2017;12837;208;13045
17/10/2017;11316;142;11458
18/10/2017;6339;38;6377
19/10/2017;12290;139;12429
20/10/2017;13326;149;13475
21/10/2017;10759;363;11122
22/10/2017;10423;459;10882
23/10/2017;12131;221;12352
24/10/2017;13290;149;13439
25/10/2017;13835;136;13971
26/10/2017;14274;186;14460
27/10/2017;14110;269;14379
28/10/2017;10861;563;11424
29/10/2017;8972;517;9489
30/10/2017;12391;269;12660
31/10/2017;13423;233;13656
01/11/2017;10173;394;10567
02/11/2017;12647;205;12852
03/11/2017;12892;307;13199
04/11/2017;8413;362;8775
05/11/2017;8461;395;8856
06/11/2017;10804;94;10898
07/11/2017;11833;96;11929
08/11/2017;11621;59;11680
09/11/2017;7292;138;7430
10/11/2017;10143;135;10278
11/11/2017;8418;345;8763
12/11/2017;7851;412;8263
13/11/2017;10354;120;10474
14/11/2017;11097;65;11162
15/11/2017;11291;63;11354
16/11/2017;11854;81;11935
17/11/2017;11847;176;12023
18/11/2017;9591;325;9916
19/11/2017;8223;411;8634
20/11/2017;10885;149;11034
21/11/2017;11648;86;11734
22/11/2017;11784;89;11873
23/11/2017;12160;75;12235
24/11/2017;12325;120;12445
25/11/2017;9162;313;9475
26/11/2017;7474;265;7739
27/11/2017;9687;51;9738
28/11/2017;6813;23;6836
29/11/2017;10585;36;10621
30/11/2017;10236;77;10313
01/12/2017;9630;37;9667
02/12/2017;6680;135;6815
03/12/2017;6061;170;6231
04/12/2017;8734;50;8784
05/12/2017;9279;57;9336
06/12/2017;5988;154;6142
07/12/2017;7060;182;7242
08/12/2017;5116;205;5321
09/12/2017;5857;287;6144
10/12/2017;4537;185;4722
11/12/2017;7576;23;7599
12/12/2017;9280;35;9315
13/12/2017;9420;19;9439
14/12/2017;9825;62;9887
15/12/2017;10289;82;10371
16/12/2017;8165;131;8296
17/12/2017;6942;151;7093
18/12/2017;9140;50;9190
19/12/2017;10232;55;10287
20/12/2017;10391;33;10424
21/12/2017;10372;94;10466
22/12/2017;9901;164;10065
23/12/2017;6604;188;6792
24/12/2017;4198;181;4379
25/12/2017;2347;58;2405
26/12/2017;5003;69;5072
27/12/2017;6049;161;6210
28/12/2017;6951;195;7146
29/12/2017;7423;249;7672
30/12/2017;5891;323;6214
31/12/2017;3889;245;4134
01/01/2018;3454;315;3769
02/01/2018;6414;235;6649
03/01/2018;7689;200;7889
04/01/2018;8282;183;8465
05/01/2018;5872;75;5947
06/01/2018;1379;14;1393
07/01/2018;2414;7;2421
08/01/2018;7802;41;7843
09/01/2018;5915;9;5924
10/01/2018;7045;11;7056
11/01/2018;8765;39;8804
12/01/2018;9262;41;9303
13/01/2018;4311;31;4342
14/01/2018;5375;82;5457
15/01/2018;8130;49;8179
16/01/2018;9315;61;9376
17/01/2018;9698;42;9740
18/01/2018;10004;101;10105
19/01/2018;10226;117;10343
20/01/2018;7471;245;7716
21/01/2018;7460;242;7702
22/01/2018;9511;63;9574
23/01/2018;10212;88;10300
24/01/2018;10689;46;10735
25/01/2018;6790;17;6807
26/01/2018;9192;67;9259
27/01/2018;6681;175;6856
28/01/2018;6069;195;6264
29/01/2018;9164;76;9240
30/01/2018;9785;65;9850
31/01/2018;10190;89;10279
01/02/2018;9070;62;9132
02/02/2018;8789;47;8836
03/02/2018;6586;177;6763
04/02/2018;2152;23;2175
05/02/2018;2895;7;2902
06/02/2018;7745;40;7785
07/02/2018;8023;30;8053
08/02/2018;8278;49;8327
09/02/2018;8485;70;8555
10/02/2018;6220;216;6436
11/02/2018;6115;217;6332
12/02/2018;8168;83;8251
13/02/2018;8476;62;8538
14/02/2018;9320;70;9390
15/02/2018;9205;123;9328
16/02/2018;9515;162;9677
17/02/2018;7232;284;7516
18/02/2018;6686;339;7025
19/02/2018;9048;66;9114
20/02/2018;9924;79;10003
21/02/2018;9325;92;9417
22/02/2018;9370;50;9420
23/02/2018;9452;115;9567
24/02/2018;6940;273;7213
25/02/2018;6608;294;6902
26/02/2018;9235;87;9322
27/02/2018;4627;13;4640
28/02/2018;3615;13;3628
01/03/2018;3254;5;3259
02/03/2018;3615;8;3623
03/03/2018;4580;106;4686
04/03/2018;5280;134;5414
05/03/2018;6159;42;6201
06/03/2018;7641;47;7688
07/03/2018;9573;70;9643
08/03/2018;9520;63;9583
09/03/2018;4818;12;4830
10/03/2018;3858;76;3934
11/03/2018;4509;60;4569
12/03/2018;8478;92;8570
13/03/2018;9267;75;9342
14/03/2018;3219;27;3246
15/03/2018;8998;77;9075
16/03/2018;7844;139;7983
17/03/2018;5016;162;5178
18/03/2018;6187;235;6422
19/03/2018;5829;35;5864
20/03/2018;8030;48;8078
21/03/2018;8762;50;8812
22/03/2018;9451;79;9530
23/03/2018;7071;54;7125
24/03/2018;4894;131;5025
25/03/2018;5075;204;5279
26/03/2018;7357;181;7538
27/03/2018;7985;202;8187
28/03/2018;7263;214;7477
29/03/2018;4036;220;4256
30/03/2018;2976;268;3244
31/03/2018;3664;285;3949
01/04/2018;4772;510;5282
02/04/2018;8853;301;9154
03/04/2018;9293;98;9391
04/04/2018;9794;96;9890
05/04/2018;10976;138;11114
06/04/2018;8253;156;8409
07/04/2018;5237;81;5318
08/04/2018;7248;294;7542
09/04/2018;6908;28;6936
10/04/2018;3063;6;3069
11/04/2018;8612;67;8679
12/04/2018;7075;53;7128
13/04/2018;8595;80;8675
14/04/2018;7668;330;7998
15/04/2018;7296;300;7596
16/04/2018;9844;116;9960
17/04/2018;11401;168;11569
18/04/2018;12503;191;12694
19/04/2018;12561;139;12700
20/04/2018;12149;177;12326
21/04/2018;8705;419;9124
22/04/2018;9094;336;9430
23/04/2018;11376;221;11597
24/04/2018;12845;183;13028
25/04/2018;13592;160;13752
26/04/2018;13392;171;13563
27/04/2018;12329;291;12620
28/04/2018;6987;453;7440
29/04/2018;3707;150;3857
30/04/2018;5555;199;5754
01/05/2018;5669;418;6087
02/05/2018;6903;236;7139
03/05/2018;10814;211;11025
04/05/2018;11629;223;11852
05/05/2018;9114;463;9577
06/05/2018;8495;478;8973
07/05/2018;10334;234;10568
08/05/2018;11623;268;11891
09/05/2018;13000;234;13234
10/05/2018;13411;335;13746
11/05/2018;12759;350;13109
12/05/2018;8385;438;8823
13/05/2018;7476;469;7945
14/05/2018;10559;204;10763
15/05/2018;9242;298;9540
16/05/2018;12792;194;12986
17/05/2018;13369;196;13565
18/05/2018;11814;190;12004
19/05/2018;9498;491;9989
20/05/2018;8873;508;9381
21/05/2018;11605;292;11897
22/05/2018;12127;163;12290
23/05/2018;12692;136;12828
24/05/2018;13149;184;13333
25/05/2018;7978;94;8072
26/05/2018;9442;417;9859
27/05/2018;9893;390;10283
28/05/2018;6334;96;6430
29/05/2018;9451;96;9547
30/05/2018;11388;123;11511
31/05/2018;13144;174;13318
01/06/2018;13170;213;13383
02/06/2018;7235;401;7636
03/06/2018;9155;392;9547
04/06/2018;12073;201;12274
05/06/2018;12522;110;12632
06/06/2018;11128;71;11199
07/06/2018;13616;202;13818
08/06/2018;7925;86;8011
09/06/2018;8789;394;9183
10/06/2018;7918;330;8248
11/06/2018;11569;175;11744
12/06/2018;12879;162;13041
13/06/2018;13546;188;13734
14/06/2018;13361;172;13533
15/06/2018;13162;204;13366
16/06/2018;9464;331;9795
17/06/2018;8600;367;8967
18/06/2018;12577;192;12769
19/06/2018;13814;145;13959
20/06/2018;14345;164;14509
21/06/2018;14468;173;14641
22/06/2018;13590;227;13817
23/06/2018;9211;429;9640
24/06/2018;8522;323;8845
25/06/2018;13282;216;13498
26/06/2018;13806;173;13979
27/06/2018;14537;204;14741
28/06/2018;14560;206;14766
29/06/2018;13491;257;13748
30/06/2018;9171;298;9469
01/07/2018;8537;297;8834
02/07/2018;12801;150;12951
03/07/2018;13934;141;14075
04/07/2018;13864;162;14026
05/07/2018;13755;154;13909
06/07/2018;12452;189;12641
07/07/2018;8316;303;8619
08/07/2018;7676;348;8024
09/07/2018;12414;257;12671
10/07/2018;13472;188;13660
11/07/2018;13513;195;13708
12/07/2018;13578;193;13771
13/07/2018;12270;265;12535
14/07/2018;8015;364;8379
15/07/2018;7664;366;8030
16/07/2018;11787;176;11963
17/07/2018;12966;214;13180
18/07/2018;13516;224;13740
19/07/2018;13442;184;13626
20/07/2018;12069;192;12261
21/07/2018;7807;338;8145
22/07/2018;7009;440;7449
23/07/2018;11607;238;11845
24/07/2018;12377;197;12574
25/07/2018;12501;173;12674
26/07/2018;12465;190;12655
27/07/2018;11318;248;11566
28/07/2018;7855;371;8226
29/07/2018;7627;379;8006
30/07/2018;11655;217;11872
31/07/2018;12410;287;12697
01/08/2018;12219;272;12491
02/08/2018;11526;202;11728
03/08/2018;10073;131;10204
04/08/2018;6486;277;6763
05/08/2018;6272;322;6594
06/08/2018;9057;208;9265
07/08/2018;10022;133;10155
08/08/2018;10016;242;10258
09/08/2018;10077;245;10322
10/08/2018;8756;252;9008
11/08/2018;6099;380;6479
12/08/2018;5868;398;6266
13/08/2018;8280;281;8561
14/08/2018;8894;268;9162
15/08/2018;6763;308;7071
16/08/2018;8753;230;8983
17/08/2018;7982;194;8176
18/08/2018;5854;263;6117
19/08/2018;5885;430;6315
20/08/2018;9293;237;9530
21/08/2018;9915;213;10128
22/08/2018;10570;151;10721
23/08/2018;10814;178;10992
24/08/2018;10008;231;10239
25/08/2018;7163;351;7514
26/08/2018;6969;375;7344
27/08/2018;11098;253;11351
28/08/2018;12003;278;12281
29/08/2018;12578;255;12833
30/08/2018;12835;245;13080
31/08/2018;12490;164;12654
01/09/2018;9428;286;9714
02/09/2018;8969;357;9326
03/09/2018;13417;181;13598
04/09/2018;14742;183;14925
05/09/2018;14994;151;15145
06/09/2018;15331;147;15478
07/09/2018;13466;175;13641
08/09/2018;8424;194;8618
09/09/2018;9783;520;10303
10/09/2018;14447;218;14665
11/09/2018;15521;160;15681
12/09/2018;16127;149;16276
13/09/2018;16189;196;16385
14/09/2018;15738;257;15995
15/09/2018;11122;403;11525
16/09/2018;10693;449;11142
17/09/2018;14316;208;14524
18/09/2018;15149;120;15269
19/09/2018;16313;140;16453
20/09/2018;16529;203;16732
21/09/2018;15600;205;15805
22/09/2018;11423;399;11822
23/09/2018;11100;441;11541
24/09/2018;14572;201;14773
25/09/2018;15671;161;15832
26/09/2018;15131;145;15276
27/09/2018;16024;167;16191
28/09/2018;15531;192;15723
29/09/2018;11742;401;12143
30/09/2018;10948;415;11363
01/10/2018;14116;284;14400
02/10/2018;14888;135;15023
03/10/2018;15777;143;15920
04/10/2018;15600;148;15748
05/10/2018;15106;192;15298
06/10/2018;11792;368;12160
07/10/2018;9864;348;10212
08/10/2018;13326;119;13445
09/10/2018;11608;85;11693
10/10/2018;12457;47;12504
11/10/2018;11746;57;11803
12/10/2018;7850;191;8041
13/10/2018;8993;393;9386
14/10/2018;6887;199;7086
15/10/2018;10699;63;10762
16/10/2018;13630;80;13710
17/10/2018;14430;98;14528
18/10/2018;12791;102;12893
19/10/2018;7216;68;7284
20/10/2018;8357;248;8605
21/10/2018;8955;242;9197
22/10/2018;13226;127;13353
23/10/2018;14081;136;14217
24/10/2018;14240;102;14342
25/10/2018;14618;150;14768
26/10/2018;11387;126;11513
27/10/2018;6619;81;6700
28/10/2018;6796;161;6957
29/10/2018;10216;64;10280
30/10/2018;5125;8;5133
31/10/2018;10451;40;10491
01/11/2018;7812;225;8037
02/11/2018;9846;253;10099
03/11/2018;8019;252;8271
04/11/2018;7271;247;7518
05/11/2018;6401;33;6434
06/11/2018;10699;79;10778
07/11/2018;7897;27;7924
08/11/2018;8733;24;8757
09/11/2018;6992;109;7101
10/11/2018;6285;109;6394
11/11/2018;6781;189;6970
12/11/2018;9717;20;9737
13/11/2018;12299;82;12381
14/11/2018;12163;71;12234
15/11/2018;11935;48;11983
16/11/2018;11105;97;11202
17/11/2018;9448;311;9759
18/11/2018;5322;103;5425
19/11/2018;9875;68;9943
20/11/2018;9104;27;9131
21/11/2018;10042;29;10071
22/11/2018;11236;20;11256
23/11/2018;10833;79;10912
24/11/2018;7634;168;7802
25/11/2018;6042;131;6173
26/11/2018;9876;61;9937
27/11/2018;10954;41;10995
28/11/2018;10987;31;11018
29/11/2018;10564;40;10604
30/11/2018;10879;59;10938
01/12/2018;8488;184;8672
02/12/2018;6940;107;7047
03/12/2018;9440;41;9481
04/12/2018;11224;44;11268
05/12/2018;11522;46;11568
06/12/2018;7409;120;7529
07/12/2018;8305;139;8444
08/12/2018;6798;305;7103
09/12/2018;7009;251;7260
10/12/2018;10267;90;10357
11/12/2018;11084;86;11170
12/12/2018;11089;83;11172
13/12/2018;7909;19;7928
14/12/2018;10968;56;11024
15/12/2018;8427;102;8529
16/12/2018;6816;85;6901
17/12/2018;10159;62;10221
18/12/2018;10126;56;10182
19/12/2018;10440;82;10522
20/12/2018;11020;47;11067
21/12/2018;10063;69;10132
22/12/2018;6521;63;6584
23/12/2018;5046;132;5178
24/12/2018;4364;96;4460
25/12/2018;2873;152;3025
26/12/2018;6496;124;6620
27/12/2018;7282;151;7433
28/12/2018;7386;256;7642
29/12/2018;5584;250;5834
30/12/2018;5114;301;5415
31/12/2018;4718;283;5001
01/01/2019;3516;345;3861
02/01/2019;6395;166;6561
03/01/2019;7479;146;7625
04/01/2019;7787;157;7944
05/01/2019;6256;109;6365
06/01/2019;4747;114;4861
07/01/2019;5493;101;5594
08/01/2019;9411;54;9465
09/01/2019;10072;42;10114
10/01/2019;9763;41;9804
11/01/2019;9412;51;9463
12/01/2019;7008;134;7142
13/01/2019;6174;131;6305
14/01/2019;9367;44;9411
15/01/2019;10129;44;10173
16/01/2019;10210;40;10250
17/01/2019;9689;20;9709
18/01/2019;9313;51;9364
19/01/2019;4462;37;4499
20/01/2019;5421;95;5516
21/01/2019;9200;40;9240
22/01/2019;8463;33;8496
23/01/2019;9715;46;9761
24/01/2019;11076;53;11129
25/01/2019;11473;86;11559
26/01/2019;8395;204;8599
27/01/2019;7235;200;7435
28/01/2019;10032;64;10096
29/01/2019;10187;41;10228
30/01/2019;9085;25;9110
31/01/2019;9622;41;9663
01/02/2019;8478;63;8541
02/02/2019;6967;141;7108
03/02/2019;6718;205;6923
04/02/2019;9620;53;9673
05/02/2019;10834;70;10904
06/02/2019;10986;69;11055
07/02/2019;11179;122;11301
08/02/2019;11043;108;11151
09/02/2019;7766;219;7985
10/02/2019;6383;174;6557
11/02/2019;10205;124;10329
12/02/2019;11036;74;11110
13/02/2019;11401;63;11464
14/02/2019;11540;70;11610
15/02/2019;11200;172;11372
16/02/2019;8272;321;8593
17/02/2019;7433;260;7693
18/02/2019;10274;98;10372
19/02/2019;11388;94;11482
20/02/2019;11374;125;11499
21/02/2019;11758;113;11871
22/02/2019;11708;131;11839
23/02/2019;8183;305;8488
24/02/2019;7677;306;7983
25/02/2019;10858;133;10991
26/02/2019;12012;93;12105
27/02/2019;12143;92;12235
28/02/2019;12246;174;12420
01/03/2019;11959;160;12119
02/03/2019;8729;343;9072
03/03/2019;7441;382;7823
04/03/2019;10184;168;10352
05/03/2019;11557;140;11697
06/03/2019;8264;33;8297
07/03/2019;11273;41;11314
08/03/2019;12049;93;12142
09/03/2019;8538;272;8810
10/03/2019;8361;331;8692
11/03/2019;11603;139;11742
12/03/2019;12467;82;12549
13/03/2019;12114;68;12182
14/03/2019;12468;36;12504
15/03/2019;12641;127;12768
16/03/2019;9305;303;9608
17/03/2019;8264;317;8581
18/03/2019;10700;91;10791
19/03/2019;11490;64;11554
20/03/2019;12078;43;12121
21/03/2019;12283;102;12385
22/03/2019;12359;124;12483
23/03/2019;8806;348;9154
24/03/2019;8421;289;8710
25/03/2019;11643;101;11744
26/03/2019;12382;62;12444
27/03/2019;12579;48;12627
28/03/2019;12735;66;12801
29/03/2019;12201;136;12337
30/03/2019;8832;303;9135
31/03/2019;6038;109;6147
01/04/2019;10888;77;10965
02/04/2019;11884;78;11962
03/04/2019;12066;73;12139
04/04/2019;12148;64;12212
05/04/2019;7393;45;7438
06/04/2019;6157;81;6238
07/04/2019;5658;133;5791
08/04/2019;8670;67;8737
09/04/2019;9827;42;9869
10/04/2019;11477;60;11537
11/04/2019;11988;39;12027
12/04/2019;11997;90;12087
13/04/2019;8517;253;8770
14/04/2019;7717;334;8051
15/04/2019;9422;215;9637
16/04/2019;9803;205;10008
17/04/2019;8110;197;8307
18/04/2019;1881;20;1901
19/04/2019;2125;47;2172
20/04/2019;4300;266;4566
21/04/2019;4679;151;4830
22/04/2019;9984;127;10111
23/04/2019;8378;41;8419
24/04/2019;3130;4;3134
25/04/2019;10510;58;10568
26/04/2019;12235;140;12375
27/04/2019;10038;357;10395
28/04/2019;9501;478;9979
29/04/2019;12409;176;12585
30/04/2019;12961;160;13121
01/05/2019;7816;266;8082
02/05/2019;7566;366;7932
03/05/2019;8918;303;9221
04/05/2019;7592;484;8076
05/05/2019;7589;420;8009
06/05/2019;12143;191;12334
07/05/2019;13410;112;13522
08/05/2019;12463;100;12563
09/05/2019;13558;132;13690
10/05/2019;13632;207;13839
11/05/2019;10727;379;11106
12/05/2019;9785;376;10161
13/05/2019;13328;151;13479
14/05/2019;14816;97;14913
15/05/2019;11475;238;11713
16/05/2019;13821;135;13956
17/05/2019;12103;103;12206
18/05/2019;9054;265;9319
19/05/2019;8984;240;9224
20/05/2019;12647;133;12780
21/05/2019;13876;104;13980
22/05/2019;14443;128;14571
23/05/2019;14623;134;14757
24/05/2019;14627;189;14816
25/05/2019;10151;391;10542
26/05/2019;9984;319;10303
27/05/2019;13496;156;13652
28/05/2019;14174;100;14274
29/05/2019;14348;114;14462
30/05/2019;14865;142;15007
31/05/2019;14236;244;14480
01/06/2019;10287;304;10591
02/06/2019;9707;311;10018
03/06/2019;13646;125;13771
04/06/2019;14812;119;14931
05/06/2019;14229;102;14331
06/06/2019;14658;122;14780
07/06/2019;13696;126;13822
08/06/2019;9794;359;10153
09/06/2019;9286;271;9557
10/06/2019;13344;162;13506
11/06/2019;13696;104;13800
12/06/2019;14304;203;14507
13/06/2019;14680;157;14837
14/06/2019;14177;132;14309
15/06/2019;9586;260;9846
16/06/2019;8859;277;9136
17/06/2019;13436;124;13560
18/06/2019;14703;140;14843
19/06/2019;14794;133;14927
20/06/2019;15206;84;15290
21/06/2019;14380;122;14502
22/06/2019;9596;220;9816
23/06/2019;9154;270;9424
24/06/2019;13495;135;13630
25/06/2019;14697;162;14859
26/06/2019;14894;124;15018
27/06/2019;14800;99;14899
28/06/2019;13710;120;13830
29/06/2019;9293;183;9476
30/06/2019;8453;179;8632
01/07/2019;13338;102;13440
02/07/2019;14110;120;14230
03/07/2019;14287;99;14386
04/07/2019;14480;149;14629
05/07/2019;13325;113;13438
06/07/2019;8568;145;8713
07/07/2019;7882;159;8041
08/07/2019;12644;139;12783
09/07/2019;13842;156;13998
10/07/2019;14007;135;14142
11/07/2019;13792;105;13897
12/07/2019;12531;106;12637
13/07/2019;8058;192;8250
14/07/2019;7638;181;7819
15/07/2019;12117;68;12185
16/07/2019;13346;99;13445
17/07/2019;13831;135;13966
18/07/2019;13917;114;14031
19/07/2019;12398;111;12509
20/07/2019;7642;204;7846
21/07/2019;7049;144;7193
22/07/2019;12110;137;12247
23/07/2019;12242;71;12313
24/07/2019;13379;95;13474
25/07/2019;13265;114;13379
26/07/2019;12163;115;12278
27/07/2019;7782;204;7986
28/07/2019;7213;195;7408
29/07/2019;11815;79;11894
30/07/2019;12653;111;12764
31/07/2019;12465;75;12540
01/08/2019;12183;123;12306
02/08/2019;10746;113;10859
03/08/2019;6807;183;6990
04/08/2019;6350;261;6611
05/08/2019;9547;187;9734
06/08/2019;10500;158;10658
07/08/2019;10754;195;10949
08/08/2019;10447;90;10537
09/08/2019;9229;135;9364
10/08/2019;6066;137;6203
11/08/2019;5636;186;5822
12/08/2019;8412;79;8491
13/08/2019;8811;84;8895
14/08/2019;8542;72;8614
15/08/2019;5653;143;5796
16/08/2019;6497;130;6627
17/08/2019;5249;99;5348
18/08/2019;5223;108;5331
19/08/2019;8659;83;8742
20/08/2019;9296;84;9380
21/08/2019;9654;133;9787
22/08/2019;10008;151;10159
23/08/2019;9385;174;9559
24/08/2019;6694;209;6903
25/08/2019;6327;192;6519
26/08/2019;6415;73;6488
27/08/2019;10901;120;11021
28/08/2019;11861;91;11952
29/08/2019;12460;123;12583
30/08/2019;10259;84;10343
31/08/2019;8529;233;8762
01/09/2019;8646;173;8819
02/09/2019;13304;86;13390
03/09/2019;14695;72;14767
04/09/2019;15228;115;15343
05/09/2019;15237;159;15396
06/09/2019;14175;144;14319
07/09/2019;9778;186;9964
08/09/2019;9631;229;9860
09/09/2019;14218;62;14280
10/09/2019;14328;55;14383
11/09/2019;15715;68;15783
12/09/2019;15695;88;15783
13/09/2019;11415;62;11477
14/09/2019;6296;61;6357
15/09/2019;7602;111;7713
16/09/2019;14472;138;14610
17/09/2019;15317;105;15422
18/09/2019;16312;98;16410
19/09/2019;16598;139;16737
20/09/2019;14774;111;14885
21/09/2019;9034;139;9173
22/09/2019;10081;223;10304
23/09/2019;14453;104;14557
24/09/2019;15596;139;15735
25/09/2019;16044;109;16153
26/09/2019;16561;157;16718
27/09/2019;16736;158;16894
28/09/2019;11493;331;11824
29/09/2019;10889;325;11214
30/09/2019;15084;161;15245
01/10/2019;16413;159;16572
02/10/2019;16302;110;16412
03/10/2019;16987;107;17094
04/10/2019;16433;197;16630
05/10/2019;11905;263;12168
06/10/2019;11403;346;11749
07/10/2019;15079;163;15242
08/10/2019;16589;107;16696
09/10/2019;16803;95;16898
10/10/2019;17054;92;17146
11/10/2019;16651;174;16825
12/10/2019;10330;330;10660
13/10/2019;10399;288;10687
14/10/2019;10791;76;10867
15/10/2019;14335;122;14457
16/10/2019;14963;81;15044
17/10/2019;12624;67;12691
18/10/2019;13985;69;14054
19/10/2019;9535;162;9697
20/10/2019;7296;94;7390
21/10/2019;13178;94;13272
22/10/2019;9351;47;9398
23/10/2019;9503;26;9529
24/10/2019;14196;103;14299
25/10/2019;14557;184;14741
26/10/2019;10766;267;11033
27/10/2019;9611;195;9806
28/10/2019;13690;101;13791
29/10/2019;14628;83;14711
30/10/2019;14472;89;14561
31/10/2019;14166;131;14297
01/11/2019;8313;259;8572
02/11/2019;8203;299;8502
03/11/2019;7676;153;7829
04/11/2019;10816;60;10876
05/11/2019;11343;49;11392
06/11/2019;13589;53;13642
07/11/2019;12483;62;12545
08/11/2019;12799;85;12884
09/11/2019;7016;124;7140
10/11/2019;7631;161;7792
11/11/2019;11699;68;11767
12/11/2019;12291;41;12332
13/11/2019;12585;59;12644
14/11/2019;10620;71;10691
15/11/2019;12016;32;12048
16/11/2019;8483;121;8604
17/11/2019;5688;77;5765
18/11/2019;11263;39;11302
19/11/2019;11777;31;11808
20/11/2019;8186;10;8196
21/11/2019;9639;21;9660
22/11/2019;6469;10;6479
23/11/2019;8035;102;8137
24/11/2019;7469;135;7604
25/11/2019;11710;68;11778
26/11/2019;9535;38;9573
27/11/2019;12437;58;12495
28/11/2019;12336;47;12383
29/11/2019;11597;38;11635
30/11/2019;8064;88;8152
01/12/2019;3259;20;3279
02/12/2019;10630;73;10703
03/12/2019;11677;40;11717
04/12/2019;8406;19;8425
05/12/2019;11623;37;11660
06/12/2019;7037;108;7145
07/12/2019;6646;181;6827
08/12/2019;4527;53;4580
09/12/2019;5813;64;5877
10/12/2019;10547;29;10576
11/12/2019;10406;12;10418
12/12/2019;7730;6;7736
13/12/2019;10828;6;10834
14/12/2019;7969;3;7972
15/12/2019;6714;1;6715
16/12/2019;9848;0;9848
17/12/2019;8865;0;8865
18/12/2019;10070;1;10071
19/12/2019;5662;0;5662
20/12/2019;5624;0;5624
21/12/2019;5353;0;5353
22/12/2019;4891;0;4891
23/12/2019;6108;0;6108
24/12/2019;4067;0;4067
25/12/2019;2483;0;2483
26/12/2019;5904;0;5904
27/12/2019;6387;0;6387
28/12/2019;5058;0;5058
29/12/2019;4616;0;4616
30/12/2019;5772;0;5772
31/12/2019;5270;0;5270
01/01/2020;3215;0;3215
02/01/2020;5911;0;5911
03/01/2020;6180;0;6180
04/01/2020;5502;0;5502
05/01/2020;5389;1;5390
06/01/2020;4043;1;4044
07/01/2020;8832;0;8832
08/01/2020;10315;2;10317
09/01/2020;10623;1;10624
10/01/2020;10786;5;10791
11/01/2020;7407;32;7439
12/01/2020;6493;31;6524
13/01/2020;9580;16;9596
14/01/2020;10268;12;10280
15/01/2020;10409;32;10441
16/01/2020;11278;37;11315
17/01/2020;11215;63;11278
18/01/2020;5174;43;5217
19/01/2020;5794;48;5842
20/01/2020;7814;17;7831
21/01/2020;6611;11;6622
22/01/2020;8339;24;8363
23/01/2020;10504;47;10551
24/01/2020;7866;17;7883
25/01/2020;4533;20;4553
26/01/2020;6467;67;6534
27/01/2020;8493;10;8503
28/01/2020;10012;12;10024
29/01/2020;11183;21;11204
30/01/2020;11008;31;11039
31/01/2020;11585;72;11657
01/02/2020;8166;141;8307
02/02/2020;6866;73;6939
03/02/2020;11448;75;11523
04/02/2020;12311;57;12368
05/02/2020;12364;40;12404
06/02/2020;11898;70;11968
07/02/2020;12031;51;12082
08/02/2020;7528;76;7604
09/02/2020;6903;120;7023
10/02/2020;11402;53;11455
11/02/2020;11842;28;11870
12/02/2020;12087;36;12123
13/02/2020;12551;55;12606
14/02/2020;12499;110;12609
15/02/2020;8574;166;8740
16/02/2020;8192;162;8354
17/02/2020;11231;57;11288
18/02/2020;12175;43;12218
19/02/2020;12898;53;12951
20/02/2020;13036;54;13090
21/02/2020;12789;64;12853
22/02/2020;9038;218;9256
23/02/2020;8298;226;8524
24/02/2020;12176;85;12261
25/02/2020;12645;62;12707
26/02/2020;13132;70;13202
27/02/2020;13169;109;13278
28/02/2020;12508;117;12625
29/02/2020;7732;130;7862
01/03/2020;6325;134;6459
02/03/2020;9025;50;9075
03/03/2020;11502;34;11536
04/03/2020;13020;43;13063
05/03/2020;12380;43;12423
06/03/2020;11931;59;11990
07/03/2020;8490;143;8633
08/03/2020;8010;164;8174
09/03/2020;11806;53;11859
10/03/2020;12629;43;12672
11/03/2020;11479;60;11539
12/03/2020;9380;60;9440
13/03/2020;7129;54;7183
14/03/2020;2516;61;2577
15/03/2020;968;14;982
16/03/2020;0;0;0
17/03/2020;0;0;0
18/03/2020;0;0;0
19/03/2020;0;0;0
20/03/2020;0;0;0
21/03/2020;0;0;0
22/03/2020;0;0;0
23/03/2020;0;0;0
24/03/2020;0;0;0
25/03/2020;0;0;0
26/03/2020;0;0;0
27/03/2020;0;0;0
28/03/2020;0;0;0
29/03/2020;0;0;0
30/03/2020;0;0;0
31/03/2020;0;0;0
01/04/2020;0;0;0
02/04/2020;0;0;0
03/04/2020;0;0;0
04/04/2020;0;0;0
05/04/2020;0;0;0
06/04/2020;0;0;0
07/04/2020;0;0;0
08/04/2020;0;0;0
09/04/2020;0;0;0
10/04/2020;0;0;0
11/04/2020;0;0;0
12/04/2020;0;0;0
13/04/2020;0;0;0
14/04/2020;0;0;0
15/04/2020;0;0;0
16/04/2020;0;0;0
17/04/2020;0;0;0
18/04/2020;0;0;0
19/04/2020;0;0;0
20/04/2020;0;0;0
21/04/2020;0;0;0
22/04/2020;580;1;581
23/04/2020;831;2;833
24/04/2020;1037;5;1042
25/04/2020;537;0;537
26/04/2020;504;2;506
27/04/2020;1060;1;1061
28/04/2020;1140;1;1141
29/04/2020;1351;1;1352
30/04/2020;1406;3;1409
01/05/2020;702;4;706
02/05/2020;2229;37;2266
03/05/2020;3480;206;3686
04/05/2020;4092;132;4224
05/05/2020;4960;179;5139
06/05/2020;5259;185;5444
07/05/2020;5565;194;5759
08/05/2020;6591;239;6830
09/05/2020;6501;453;6954
10/05/2020;5969;376;6345
11/05/2020;5533;145;5678
12/05/2020;2619;25;2644
13/05/2020;6361;125;6486
14/05/2020;4386;92;4478
15/05/2020;4303;118;4421
16/05/2020;7341;254;7595
17/05/2020;8294;479;8773
18/05/2020;8763;227;8990
19/05/2020;9509;241;9750
20/05/2020;9766;256;10022
21/05/2020;10116;240;10356
22/05/2020;11501;310;11811
23/05/2020;11445;518;11963
24/05/2020;10018;547;10565
25/05/2020;10073;151;10224
26/05/2020;11468;142;11610
27/05/2020;12266;139;12405
28/05/2020;12549;150;12699
29/05/2020;13675;175;13850
30/05/2020;13443;303;13746
31/05/2020;8644;151;8795
